2019	1	1813	110	30/06/2019 60.50	66.55	73.21	80.53	88.58	97.44	92.80	88.38	84.17	80.16	76.34	72.71	69.25	74.79	80.77	87.23	94.21	93.28	92.35	91.44	90.53	89.64	88.75	87.87	87.00	86.14	85.29	84.44	83.60
2019	1	1813	111	30/06/2019 63.53	69.88	76.87	84.55	93.01	102.31	97.44	92.80	88.38	84.17	80.16	76.34	72.71	78.52	84.81	91.59	98.92	97.94	96.97	96.01	95.06	94.12	93.19	92.26	91.35	90.45	89.55	88.66	87.79	87.96	88.14	88.31	88.49	88.67	88.84	89.02	89.20	89.38	89.56	89.74	89.92	90.10	90.28	90.46	90.64	90.82
2019	1	1813	112	30/06/2019 63.52	69.87	76.86	84.54	93.00	102.30	97.43	92.79	88.37	84.16	80.15	76.34	72.70	78.52	84.80	91.58	98.91	97.93	96.96	96.00	95.05	94.11	93.18	92.25	91.34	90.44
2019	1	1653	101	30/06/2019 92.10	92.11	92.12	92.13	92.14	92.15	92.16	92.16	92.17	92.18	92.19	92.20	92.21	92.22	92.23	92.24	92.25	92.26	92.27	92.28	92.28	92.29	92.30	92.31	92.32	92.33	92.34	92.35	92.36	92.37	92.38	92.39	92.40	92.40	92.41	92.42	92.43	92.44	92.45
2019	1	1653	102	30/06/2019 91.10	91.37	91.65	91.92	92.20	92.48	92.76	93.04	93.32	93.60	93.88	94.16	94.44	94.73	95.01	95.30	95.59	95.87	96.16	96.45	96.74	97.03	97.33	97.62	97.91	98.21
2019	1	1653	103	30/06/2019 78.50	78.89	79.29	79.68	80.08	80.48	80.88	81.29	81.70	82.10	82.51	82.93	83.34	83.76	84.18	84.60	85.02	85.45	85.87	86.30	86.73	87.17	87.60	88.04	88.48	88.92	89.37	89.82	90.26	90.72	91.17	91.63	92.08	92.54	93.01	93.47	93.94	94.41	94.88	95.36	95.83	96.31	96.79	97.28	97.76	98.25	98.74
2019	1	1653	104	30/06/2019 78.76	78.79	78.82	78.85	78.89	78.92	78.95	78.98	79.01	79.04	79.08	79.11	79.14	79.17	79.20	79.23	79.27	79.30	79.33	79.36	79.39	79.42	79.46	79.49	79.52	79.55
2019	1	1653	105	30/06/2019 87.40	87.05	86.70	86.36	86.02	85.67	85.33	84.99	84.65	84.32	83.98	83.65	83.31	82.98	82.65	82.32	81.99	81.67	81.34	81.02	80.69	80.37	80.05	79.73	79.41	79.10	78.78	78.47	78.16	77.85	77.54	77.23
2019	1	1653	106	30/06/2019 89.50	89.05	88.61	88.17	87.73	87.30	86.86	86.43	86.00	85.57	85.15	84.72	84.30	83.88	83.46	83.05	82.64	82.22	81.82	81.41	81.00	80.60	80.20	79.80	79.40	79.01	78.62	78.22	77.83	77.45	77.06	76.68	76.30	75.92	75.54	75.16	74.79	74.42	74.05	73.68	73.31	72.95	72.59	72.22
2019	1	2082	220	30/06/2019 89.50	89.95	90.40	90.85	91.30	91.76	92.22	92.68	93.14	93.61	94.08	94.55	95.02	95.50	95.97	96.45	96.93	97.42	97.91	98.40	98.89	99.38	99.88	100.38	100.88	101.39	101.89	102.40	102.91	103.43	103.95	104.47	104.99
2019	1	2082	221	30/06/2019 92.30	92.29	92.28	92.27	92.26	92.25	92.24	92.24	92.23	92.22	92.21	92.20	92.19	92.18	92.17	92.16	92.15	92.14	92.13	92.12	92.12	92.11	92.10	92.09	92.08	92.07	92.06	92.05	92.04	92.03	92.02	92.01	92.01	92.00	91.99
2019	1	2176	201	20/06/2019 92.30	92.29	92.28	92.27	92.26	92.25	92.24	92.23	92.23	92.22	92.21	92.20	92.19	92.18	92.17	92.16	92.15	92.14	92.13	92.12	92.11	92.11	92.10	92.09	92.08	92.07	92.06	92.05	92.04	92.03	92.02	92.01	92.00	92.00	91.99	91.98	91.98	91.98	91.98	91.98	91.98	91.98	91.98	91.98	91.98	91.98	91.97	91.97	91.97	91.97	91.97
2019	1	2176	202	20/06/2019 91.93	91.92	91.91	91.90	91.89	91.89	91.88	91.87	91.86	91.85	91.84	91.83	91.82	91.81	91.80	91.79	91.78	91.78	91.77	91.76	91.75	91.74	91.73	91.72	91.71	91.70	91.69	91.68	91.67	91.67	91.66	91.65	91.64	91.63	91.62	91.62	91.62	91.62	91.62	91.61	91.61	91.61	91.61	91.61	91.61	91.61	91.61	91.61	91.61
2019	1	2176	203	20/06/2019 91.29	91.28	91.27	91.26	91.26	91.25	91.24	91.23	91.22	91.21	91.20	91.19	91.18	91.17	91.16	91.16	91.15	91.14	91.13	91.12	91.11	91.10	91.09	91.08	91.07	91.06	91.06	91.05	91.04	91.03	91.02	91.01	91.00	90.99	90.98	90.98	90.98	90.98	90.98	90.98	90.98	90.98	90.98
2019	1	2176	204	20/06/2019 91.25	91.24	91.23	91.22	91.21	91.20	91.19	91.18	91.17	91.16	91.16	91.15	91.14	91.13	91.12	91.11	91.10	91.09	91.08	91.07	91.06	91.06	91.05	91.04	91.03	91.02	91.01	91.00	90.99	90.98	90.97	90.96	90.96	90.95	90.94	90.94	90.94	90.93	90.93	90.93	90.93	90.93
2019	1	3294	310	20/06/2019 70.30	70.31	70.33	70.34	70.36	70.37	70.38	70.40	70.41	70.43	70.44	70.45	70.47	70.48	70.50	70.51	70.53	70.54	70.55	70.57	70.58	70.60	70.61	70.62	70.64	70.65	70.67	70.68	70.69	70.71	70.72	70.74	70.75	70.77	70.78	70.79	70.81
2019	1	3294	311	20/06/2019 67.80	67.81	67.83	67.84	67.85	67.87	67.88	67.89	67.91	67.92	67.94	67.95	67.96	67.98	67.99	68.00	68.02	68.03	68.04	68.06	68.07	68.09	68.10	68.11	68.13	68.14	68.15	68.17	68.18	68.19	68.21	68.22	68.24	68.25	68.26	68.28	68.29	68.30	68.32
2019	1	3294	312	20/06/2019 72.50	72.51	72.53	72.54	72.56	72.57	72.59	72.60	72.62	72.63	72.65	72.66	72.67	72.69	72.70	72.72	72.73	72.75	72.76	72.78	72.79	72.81	72.82	72.83	72.85	72.86	72.88	72.89	72.91	72.92	72.94	72.95	72.97	72.98	72.99	73.01	73.02
2019	1	3294	313	20/06/2019 67.90	67.91	67.93	67.94	67.95	67.97	67.98	68.00	68.01	68.02	68.04	68.05	68.06	68.08	68.09	68.10	68.12	68.13	68.14	68.16	68.17	68.19	68.20	68.21	68.23	68.24	68.25	68.27	68.28	68.29	68.31	68.32	68.34	68.35	68.36	68.38	68.39	68.40	68.42	68.43
2019	1	3294	314	20/06/2019 78.90	78.92	78.93	78.95	78.96	78.98	78.99	79.01	79.03	79.04	79.06	79.07	79.09	79.11	79.12	79.14	79.15	79.17	79.18	79.20	79.22	79.23	79.25	79.26	79.28	79.30	79.31	79.33	79.34	79.36	79.37	79.39	79.41	79.42	79.44	79.45	79.47	79.49	79.50
2019	1	3294	315	20/06/2019 87.90	87.92	87.94	87.95	87.97	87.99	88.01	88.02	88.04	88.06	88.08	88.09	88.11	88.13	88.15	88.16	88.18	88.20	88.22	88.23	88.25	88.27	88.29	88.31	88.32	88.34	88.36	88.38	88.39	88.41	88.43	88.45	88.46	88.48	88.50	88.52	88.54	88.55
2019	1	3979	301	20/06/2019 78.80	78.82	78.83	78.85	78.86	78.88	78.89	78.91	78.93	78.94	78.96	78.97	78.99	79.01	79.02	79.04	79.05	79.07	79.08	79.10	79.12	79.13	79.15	79.16	79.18	79.19	79.21	79.23	79.24
2019	1	3979	302	20/06/2019 87.50	87.59	87.61	87.62	87.64	87.66	87.68	87.69	87.71	87.73	87.75	87.76	87.78	87.80	87.82	87.83	87.85	87.87	87.89	87.90	87.92	87.94	87.96	87.97	87.99
2019	1	3979	303	25/06/2019 92.30	92.39	92.48	92.58	92.67	92.76	92.86	92.95	93.04	93.13	93.23	93.32	93.41	93.51	93.60	93.69	93.79	93.88	93.98	94.07	94.16	94.26	94.35	94.45	94.54	94.64	94.73
2019	1	3818	311	25/06/2019 73.20	82.20	50.10	79.10	65.20	88.20	87.20	54.10	95.10	69.20	65.20	73.20	55.10	82.10	45.10	92.20	77.20	53.20	63.10	62.10	68.20	75.20	71.20	63.10	69.20	54.20	66.10	74.10	86.20	69.10	66.10	76.10	86.20	71.20	80.20	90.20	62.20
2019	1	3245	312	25/06/2019 75.10	48.20	92.10	73.10	72.10	69.10	58.20	75.10	67.10	45.20	49.20	88.20	46.20	56.10	68.10	90.10	72.10	59.10	79.20	55.20	51.10	76.20	52.20	89.20	80.10	61.10	57.10	68.20	65.10	65.20	89.10	83.10	87.10	82.10	62.20	90.10
2019	1	4567	401	25/06/2019 48.20	86.20	67.10	70.20	68.20	66.20	60.20	87.10	81.20	72.10	89.10	78.10	57.20	62.10	50.10	65.20	52.10	67.10	48.20	91.10	95.10	49.20	66.10	76.20	86.10	51.20	56.10	84.10	69.20	80.20	46.10	48.10	65.20	52.20	92.10	94.10
2019	1	4312	410	25/06/2019 75.20	83.10	56.10	79.10	53.20	90.10	94.20	45.20	61.10	52.10	94.10	81.10	84.10	84.10	82.10	93.10	91.10	91.10	79.10	83.20	72.10	92.10	50.20	95.10	95.10	90.10	69.20	48.10	89.10	86.20	55.10	77.20	56.10	83.20	93.20
2019	1	4412	411	25/06/2019 77.20	67.10	86.10	54.10	68.20	70.20	71.20	85.10	61.10	63.10	46.10	53.10	71.10	65.10	74.20	48.10	57.10	73.10	90.20	74.20	93.20	45.20	56.10	69.20	62.20	54.20	75.10	67.10
2019	1	4412	411	25/06/2019 54.10	62.20	66.20	89.20	60.20	66.20	64.20	87.20	77.20	76.20	49.20	91.10	72.20	83.10	65.10	59.10	50.10	62.10	61.10	85.10	68.20	60.20	80.20	54.20	62.10	87.20
2019	1	4412	411	25/06/2019 65.20	50.20	49.10	78.20	74.20	82.10	57.10	62.10	76.10	89.20	73.10	80.20	57.10	80.20	55.20	47.20	57.10	87.20	46.10	59.20	82.20	83.20	53.10	60.20	79.20	62.10	49.20	48.20	68.20
2019	1	5506	510	25/06/2019 60.20	69.20	49.10	83.20	93.20	94.10	68.10	82.20	64.20	91.10	49.10	79.10	76.10	45.10	75.20	53.10	45.20	60.20	78.10	84.10	85.20	80.20	51.10	58.10	80.20	92.20	82.20	63.10	86.10	70.10	50.20	75.20	46.10	89.20	84.10	64.10	67.20	86.10	64.20	66.10
2019	1	5506	511	25/06/2019 59.20	48.20	91.10	94.20	74.10	94.20	59.20	82.10	48.10	52.10	82.20	74.20	61.20	51.20	55.20	70.20	86.10	50.20	59.10	54.10	81.10	67.10	57.10	45.10	66.10	84.20	92.20	66.10	91.20	47.10	71.20	72.10	74.10	83.20	78.20	81.20
2019	1	5506	512	28/06/2019 77.10	69.20	75.20	55.10	63.20	89.10	58.10	81.10	95.20	83.10	62.20	57.10	65.10	71.20	46.10	92.10	90.20	67.20	85.10	47.10	81.20	76.10	74.10	81.10	60.20	89.20	53.10	48.10	91.20	71.10	78.20	45.10	95.10	68.10	78.10	74.20	45.20
2019	1	5890	501	28/06/2019 87.10	94.10	63.20	84.10	72.10	92.20	90.20	93.20	64.20	84.10	77.10	81.10	64.10	90.10	69.20	47.20	83.20	91.10	49.10	68.20	61.20	52.10	64.20	71.10	70.20	82.10	65.10	50.10	94.10	63.20	65.10	59.10	48.10	53.20	94.10	87.10	76.10	48.10	91.20
2019	1	5678	501	28/06/2019 86.10	85.20	87.10	91.20	54.10	46.10	79.20	86.20	48.20	89.10	73.20	71.10	66.20	60.20	83.20	50.20	92.20	54.20	70.20	64.20	80.20	92.20	90.10	73.10	76.10	84.10	60.20	87.10	92.20	71.10	49.10	68.20	56.20	52.20	83.20	63.20	54.10	80.20	89.20
2019	1	5678	502	28/06/2019 90.10	77.10	46.10	65.20	63.10	94.20	68.20	52.20	63.10	67.10	83.10	65.10	46.10	92.10	92.10	62.20	64.20	73.10	85.10	95.20	63.10	50.20	57.20	93.20	83.10	61.10	73.20	72.20	81.20	75.20	85.10	50.10	65.20	55.10	76.20	89.20	89.10
2019	1	5678	503	28/06/2019 51.10	85.10	61.10	95.20	59.10	93.20	58.10	46.10	72.20	92.10	86.10	59.10	76.20	55.20	47.20	86.10	75.20	91.10	46.20	73.10	66.10	55.20	62.20	78.10	52.20	61.20	48.20	72.20	53.20	87.20	64.10	72.10	79.20	93.20	57.10	60.20	82.20	55.10
2019	1	5423	501	28/06/2019 61.10	89.20	94.10	54.20	86.10	50.10	66.10	87.10	78.20	66.20	50.10	50.10	95.20	54.10	52.20	48.10	79.20	55.10	71.20	82.10	50.20	84.20	57.10	45.10	58.10	68.20	54.20	81.10	90.10	61.20
2019	1	5423	502	28/06/2019 67.10	46.10	76.10	94.10	58.20	58.20	60.10	86.20	70.10	95.10	66.20	63.20	73.10	48.20	91.20	91.20	94.20	86.10	57.20	87.20	93.10	64.10	72.20	68.20	66.10	47.10	93.10	72.20	92.20	45.20
2019	1	5423	503	28/06/2019 86.20	85.10	48.20	95.20	91.10	69.10	53.10	77.10	78.20	67.20	81.10	68.20	75.20	69.20	93.10	59.20	88.20	50.10	64.10	74.20	62.20	87.20	54.20	56.20	81.10	61.10	93.10	81.20	45.10	92.10
2019	1	5423	504	28/06/2019 81.20	76.20	73.20	88.20	94.20	87.10	68.10	78.20	92.10	64.20	72.10	91.20	71.20	86.20	54.10	47.10	70.10	56.20	58.20	77.10	46.20	73.10	65.10	85.20	46.20	59.20	72.20	61.10	80.20	59.10
2019	1	6542	601	28/06/2019 47.20	61.20	45.20	90.10	81.20	69.10	58.20	85.10	71.20	70.10	64.10	77.20	45.20	68.20	69.20	79.20	83.10	53.20	79.20	84.20	81.20	95.20	85.10	88.20	64.10	74.20	88.10	57.20	63.10	86.20	83.10	95.10	92.20	62.10	75.10	53.20	75.20	80.10	73.20	56.10	81.20	74.20	51.20
2019	1	6542	602	28/06/2019 52.20	95.10	48.10	51.20	55.20	74.10	82.10	82.20	64.20	73.20	91.20	62.20	82.10	79.10	78.20	45.20	51.20	76.10	49.10	49.10	55.10	54.20	81.10	76.10	76.10	74.10	85.10	93.20	80.20	91.10	66.20	50.10	59.20	93.10	68.10	65.20	85.10	85.20	84.10	73.20	60.20	91.20
2019	1	6123	610	27/06/2019 50.20	79.20	83.20	71.10	91.10	71.10	70.20	45.20	54.10	46.20	68.20	89.20	68.20	88.10	81.20	66.10	89.10	86.10	70.10	87.20	76.10	48.10	88.10	72.20	74.10	94.10	91.20	48.10	93.20	58.10	46.10	49.20	71.10	50.10	46.10	88.20	93.10	93.20	67.20	48.20
2019	1	6123	611	27/06/2019 87.20	60.20	57.20	54.10	56.10	84.10	65.10	51.10	70.20	69.20	59.20	84.10	70.20	62.10	78.10	69.10	90.10	88.10	67.10	78.10	76.10	60.20	80.10	47.10	87.10	72.10	57.20	86.10	94.20	83.20	63.10	95.20	84.20	70.20	91.10	55.10	68.10	70.10
2019	1	6123	612	27/06/2019 82.20	89.20	82.10	52.10	67.20	93.20	61.20	87.10	64.20	72.10	59.20	51.10	94.10	88.10	83.20	57.10	94.20	57.10	84.10	76.10	84.20	54.20	76.20	47.10	86.20	54.10	58.20	81.10	91.20	49.10
2019	1	6789	601	27/06/2019 72.20	54.10	61.10	86.20	77.10	72.10	51.20	56.10	68.10	95.20	68.10	79.10	62.10	83.20	90.10	65.10	81.20	54.20	64.20	74.10	49.10	71.20	74.10	47.10	70.20	52.20	73.10	71.20	94.10	49.20	95.20	66.10	53.10	57.20	49.10	85.20	47.10	93.10	52.20
2019	1	6789	602	27/06/2019 76.10	51.20	67.20	63.20	59.10	78.20	69.20	53.10	49.20	50.20	84.20	49.10	67.20	85.10	65.10	76.20	52.10	50.20	56.10	84.20	68.20	76.10	56.10	76.20	51.20	73.20	51.10	52.20	74.20	81.10	91.10	80.20	64.10	48.20	47.20	53.10	92.20	75.10	59.10
2019	1	6789	603	27/06/2019 90.20	92.20	83.10	85.20	86.10	95.20	45.20	85.20	72.20	95.20	88.20	79.20	48.20	85.10	82.10	91.20	66.20	95.20	59.20	50.10	53.10	89.20	56.10	68.20	64.20	95.20	68.20	48.10	62.20	91.10	93.20	77.20	66.10	54.20	68.20	56.10	91.10	56.10	80.20	70.20
2019	1	6789	604	27/06/2019 92.10	66.10	85.10	81.20	57.10	85.20	65.20	48.20	72.10	45.20	87.20	52.20	83.20	71.20	54.20	62.10	84.10	88.10	72.10	61.10	74.20	45.20	45.20	55.10	92.20	95.20	79.10	50.20	71.20	80.20	69.10	79.20	65.10	77.20	50.10
2019	1	6324	601	27/06/2019 70.20	80.10	79.10	59.20	54.10	50.20	89.20	58.10	81.20	84.20	53.10	72.10	86.10	52.20	69.10	57.10	60.20	86.10	85.10	48.20	71.20	88.10	57.20	59.10	50.20	56.10	51.10	50.20	91.20	87.20	47.10	82.10	56.20	59.10	52.10
2019	1	6324	602	27/06/2019 63.10	45.10	71.20	64.20	75.20	46.10	75.20	47.10	80.10	60.10	66.20	95.20	91.10	63.20	63.10	95.20	78.10	88.20	64.20	59.10	71.10	77.20	47.10	91.10	80.20	48.10	59.10	53.10	47.20	84.20	66.20	86.20	82.20	46.10	62.10
2019	1	6324	603	27/06/2019 50.10	85.20	55.20	67.10	57.20	75.20	61.10	83.10	77.10	66.20	67.10	69.20	71.20	88.10	48.20	75.20	86.20	56.20	45.20	86.10	52.20	64.10	59.10	77.10	75.10	46.10	65.10	47.20	46.20	80.10
2019	1	6324	604	27/06/2019 48.20	60.20	84.10	47.10	74.20	47.20	59.20	59.10	66.20	95.20	59.20	68.10	64.20	90.10	51.10	89.20	51.10	93.10	55.10	51.20	51.20	49.20	58.20	58.20	74.10	86.10	47.10	50.20	59.10	92.10
2019	1	6324	605	27/06/2019 85.10	80.20	48.10	70.20	85.10	79.20	83.20	80.10	70.10	85.20	51.10	57.10	53.20	65.20	56.10	84.20	46.20	88.10	61.10	51.10	55.10	54.20	82.10	91.20	55.20	51.20	45.10	91.10	80.20	75.10
2019	1	6678	610	27/06/2019 46.20	46.20	54.10	71.20	80.10	92.20	58.10	48.20	56.10	65.20	57.10	78.10	80.10	46.20	46.20	78.20	64.10	76.10	94.20	66.10	84.20	94.10	73.10	92.10	84.10	77.20	81.20	68.20	45.10	86.10	82.20	83.10	65.10	80.20	63.10	56.20	69.10	69.10	69.10	95.20	72.10	74.20	95.20	57.20
2019	1	6678	611	27/06/2019 86.10	55.20	62.20	71.10	73.20	45.10	93.10	93.10	78.10	70.10	74.10	88.10	63.20	69.20	69.10	71.20	66.20	67.10	75.10	66.10	53.10	71.10	53.10	67.10	51.10	58.20	81.10	59.10	55.10	77.20	50.20	68.10	55.10	52.20	48.20	49.10	66.10	72.10	84.20
2019	1	7845	701	27/06/2019 54.10	75.10	47.20	59.10	70.10	45.10	50.20	71.20	61.20	76.10	85.20	89.10	85.10	94.20	54.10	85.20	90.10	95.20	74.20	69.20	89.10	88.10	58.20	54.10	48.20	67.20	46.20	85.20	93.20	51.10
2019	1	7845	702	27/06/2019 58.20	53.10	84.10	46.10	73.20	70.20	84.10	69.20	49.10	63.20	54.20	54.20	94.10	46.10	47.10	76.20	51.20	64.10	51.20	95.20	78.20	80.10	52.20	51.20	85.20	80.20	75.10	94.10	92.10	82.20
2019	1	7123	701	25/06/2019 71.20	83.20	45.10	72.10	71.10	76.20	60.20	95.10	80.20	87.20	45.10	52.10	80.10	90.10	83.10	76.20	62.10	65.20	69.20	90.20	89.20	73.20	95.20	79.10	92.20	53.10	55.20	67.20	68.20	75.20
2019	1	7123	702	25/06/2019 56.20	81.20	52.20	53.10	68.20	76.20	60.10	85.20	47.10	84.10	66.20	76.20	47.10	46.10	89.10	84.20	51.20	59.20	95.20	47.10	58.10	52.20	83.10	84.20	73.10	48.20	94.10	53.10	66.20	58.20
2019	1	7123	703	25/06/2019 85.10	69.20	46.20	89.10	55.20	64.20	70.20	66.20	95.20	89.20	56.10	82.20	45.10	75.10	72.20	50.10	81.10	68.10	62.20	52.10	66.20	70.20	60.20	51.10	72.10	58.10	55.20	82.10	49.10	60.20
2019	1	6745	601	25/06/2019 74.20	82.20	81.20	56.20	48.10	81.20	51.10	87.10	73.10	69.10	78.10	54.20	72.20	57.10	54.20	79.10	62.20	95.20	78.10	75.10	77.20	65.10	56.20	76.10	86.10	88.20	88.20	85.10	52.20	76.20	61.10	59.10	86.10	52.10	88.20	57.10	83.10	79.20	61.20	52.10
2019	1	6745	602	25/06/2019 50.10	74.20	62.10	78.20	94.10	85.10	45.20	45.20	74.10	83.20	83.20	69.20	52.10	63.20	62.10	48.10	78.10	55.10	45.20	71.20	52.10	89.10	52.20	78.20	57.10	60.20	95.20	72.10	88.10	75.20
2019	1	6745	603	25/06/2019 82.20	52.10	65.20	69.10	94.10	72.10	83.10	47.20	51.10	73.10	47.10	73.20	49.20	50.10	92.10	63.20	47.10	85.10	45.10	82.20	85.10	84.10	69.20	83.10	57.20	95.10	61.10	47.10	54.20	83.20
2019	1	6678	601	25/06/2019 55.10	89.10	50.20	70.10	88.10	88.10	64.10	75.20	93.10	81.10	85.10	55.20	92.20	69.20	68.10	56.20	82.20	69.10	77.20	73.20	87.20	84.20	47.20	76.20	62.20	77.10	57.20	70.20	80.20	71.20
2019	1	6678	602	25/06/2019 50.20	94.20	69.10	59.10	95.10	69.10	95.10	46.10	71.10	54.10	78.10	67.10	75.20	94.20	62.20	52.10	46.20	48.20	59.20	61.10	52.10	87.10	90.20	52.10	76.10	73.10	95.10	95.10	94.10	94.10
2019	1	6678	603	25/06/2019 60.10	75.10	89.10	53.10	68.20	52.10	82.20	84.10	56.10	90.10	83.20	62.10	70.20	90.20	75.20	76.20	74.10	45.20	46.20	83.20	61.20	87.10	51.20	61.10	77.20	93.20	53.10	77.20	58.10	53.20
2019	1	7823	701	25/06/2019 71.20	84.20	66.20	61.10	46.10	95.10	83.20	53.20	83.20	88.20	85.20	62.10	88.20	49.10	82.10	85.10	71.20	92.10	62.20	95.20	80.20	50.20	74.20	53.10	65.20	78.20	58.20	70.20	94.10	47.20
2019	1	7823	702	25/06/2019 60.20	53.10	77.10	89.10	84.10	46.20	86.20	49.20	70.20	49.10	50.20	92.20	85.10	61.10	45.20	78.20	94.10	94.10	93.10	92.20	64.20	86.20	94.20	68.10	91.20	50.20	83.20	79.10	77.10
2019	1	8756	801	20/06/2019 91.10	93.20	64.10	49.10	53.10	69.10	90.10	60.20	45.20	83.10	85.20	76.20	92.20	65.20	81.10	49.20	84.10	88.20	63.20	82.20	63.20	75.20	90.20	50.10	87.10	85.10	67.10	83.10	74.20	88.10
2019	1	8756	801	20/06/2019 56.10	71.10	92.20	84.20	78.10	89.20	55.10	53.10	48.10	89.10	46.20	72.10	89.20	87.10	82.10	61.20	48.20	61.20	90.10	59.10	57.10	92.20	60.20	70.20	86.20	93.20		85.10	89.10	56.20
2019	1	8756	802	20/06/2019 75.20	70.10	85.20	67.20	66.10	70.20	79.20	46.10	77.10	82.20	51.20	77.20	71.20	91.20	50.10	63.20	59.10	79.20	58.10	45.20	57.10	51.10	80.20	80.20	45.20	54.10	68.10	79.10	75.10	73.10
2019	1	8123	810	20/06/2019 81.10	76.20	59.20	62.20	64.20	85.20	57.20	93.20	52.20	92.10	57.20	93.10	53.10	68.10	56.10	57.10	71.20	95.20	53.10	57.10	55.10	77.20	52.10	92.10	60.10	51.10	50.20		48.10	78.10
2019	1	8123	811	20/06/2019 53.10	77.10	51.10	65.10	78.10	55.20	67.20	81.20	79.10	81.10	92.10	49.20	65.10	70.10	77.20	51.20	75.10	60.20	45.20	54.10	66.20	45.20	75.20	51.10	93.10
2019	1	8099	810	20/06/2019 73.20	85.20	63.10	47.20	86.20	73.10	74.20	54.20	92.20	90.10	68.20	83.10	56.10	88.20	66.10	89.20	88.10	73.20	93.10	49.20	89.20	86.20	53.10	46.20	83.10	90.20	53.10	52.10	65.20	83.20
2019	1	8100	810	20/06/2019 49.20	74.10	94.20	81.20	60.20	75.20	89.10	74.20	71.10	54.20	47.10	72.10	48.20	59.20	65.20	66.10	49.20	84.20	50.10	79.10	51.20	58.10	63.20	93.10	80.20	72.20	90.10	72.20	76.10	89.20	77.20	76.10	67.20	48.20	78.20	54.20	51.20	82.20	72.20	82.20	70.10
2019	1	8967	810	20/06/2019 50.20	60.20	63.10	55.10	56.20	91.10	53.20	89.20	59.20	83.10	51.10	45.20	74.10	80.20	53.10	56.20	61.10	84.20	87.20	52.20	95.10	77.20	95.10	93.10	90.10	91.10	46.20	83.20	53.20	48.10	62.20	74.20	64.10	57.20	70.10	54.10	53.20	50.20
2019	1	8967	811	20/06/2019 47.20	52.20	51.20	50.20	71.20	77.20	94.10	92.10	93.20	49.10	75.10	77.10	64.20	89.10	80.20	80.10	45.20	61.10	68.20	49.20	94.10	90.10	54.10	55.20	67.20	66.20	81.20	52.20	71.20	94.10	76.20	83.10	69.20	92.20	84.10	62.10	89.10	75.20	89.20	74.10	46.10
2019	1	8967	812	20/06/2019 62.10	81.10	53.20	50.20	45.20	47.10	88.20	78.10	67.20	83.20	71.10	78.20	86.20	57.20	68.10	79.20	58.20	52.10	89.10	81.10	74.10	78.20	84.10	53.10	51.10	90.20	86.10	69.20	77.10	45.10	75.10	79.10	95.10	48.20	52.20	47.10					57.20
2019	1	9867	901	20/06/2019 49.10	53.20	68.20	92.10	88.10	45.20	72.10	54.20	74.20	78.20	89.10	87.10	59.20	79.10	73.20	66.10	59.20	49.10	72.20	86.20	90.10	47.20	88.20	61.20	57.10	84.20	85.20	76.10	70.10	84.10	62.20	54.10	63.20	94.20
2019	1	9867	902	20/06/2019 63.20	94.10	82.10	59.20	82.10	68.20	85.20	88.20	79.10	63.20	54.20	81.20	86.20	68.20	91.10	84.20	79.10	52.10	48.10	69.20	86.10	67.20	86.20	89.10	46.10	56.10	73.10	59.10	72.10	60.10	83.20	56.20
2019	1	7815	701	20/06/2019 77.20	61.20	80.10	79.10	56.20	76.20	73.20	89.20	83.20	84.20	65.10	80.20	93.10	73.20	91.10	45.10	74.20	56.10	95.20	46.20	49.10	72.20	56.10	63.10	66.20	88.10	90.10	80.20	53.20	56.10
2019	1	7815	702	20/06/2019 61.20	84.20	51.20	67.10	82.10	71.20	90.20	89.20	56.20	88.10	92.20	48.10	47.10	66.20	48.10	79.10	77.20	57.20	91.10	74.10	79.10	86.20	87.20	57.20	62.20	70.20	82.10	64.20	79.20	48.10
2019	1	7815	703	19/06/2019 89.10	86.20	55.20	65.10	78.20	74.20	84.10	87.20	91.20	48.10	66.20	48.10	88.10	53.20	58.20	71.20	74.10	53.20	92.20	90.20	93.20	50.20	68.20	60.20	91.10	59.10	54.10	69.10	93.10	85.10
2019	1	7812	710	19/06/2019 89.10	52.10	82.20	52.10	65.20	54.20	52.20	60.10	88.10	80.10	48.10	63.20	63.10	93.10	48.10	47.10	81.10	70.20	88.10	90.20	60.20	80.10	75.20	72.10	57.10	56.10	93.10	57.20	69.10	48.20
2019	1	7812	711	19/06/2019 56.20	79.10	66.20	52.10	88.10	92.10	95.10	56.20	56.20	53.20	58.10	46.10	73.10	53.20	66.20	77.10	53.20	66.10	95.10	75.20	61.10	53.10	69.20	70.20	46.20	89.20	77.20	51.10	53.10	76.20
2019	1	7812	712	19/06/2019 95.10	87.20	51.20	89.10	73.20	81.10	61.10	75.20	71.20	67.10	72.10	82.10	79.10	67.10	77.10	71.20	76.10	89.10	58.10	79.10	69.20	61.20	69.10	91.10	64.20	58.20	72.10	84.20	62.20	49.20
2019	1	6674	610	19/06/2019 52.10	68.20	70.10	51.20	88.20	90.10	49.10	82.10	54.20	87.20	67.10	59.20	68.20	88.20	64.20	82.20	84.10	63.10	95.10	79.10	50.20	89.10	85.10	46.10	50.10	55.20	51.20	86.20	54.10	85.10
2019	1	6674	611	19/06/2019 72.20	82.20	84.20	60.20	60.10	78.20	51.20	65.10	77.10	67.10	85.20	79.20	89.20	89.10	81.10	65.20	82.10	94.10	80.10	83.10	51.10	50.20	81.20	68.20	91.20	92.10	86.10	54.10	54.20	77.20
2019	1	6674	612	19/06/2019 50.20	60.20	55.20	74.10	49.10	67.20	94.20	79.20	59.20	71.10	46.10	64.20	95.20	87.10	61.20	77.10	86.20	69.10	95.20	77.10	87.10	63.20	77.10	88.10	55.20	75.20	86.20	68.10	62.10	71.20
2019	1	9567	901	19/06/2019 57.20	93.20	65.20	93.10	71.20	93.10	80.20	93.20	48.20	60.20	90.10	84.20	83.20	64.20	81.20	65.10	81.10	46.20	52.10	86.10	59.10	80.20	84.20	85.10	52.10	62.20	71.20	86.20	90.10	74.10	60.10	51.20	79.10	91.20	71.20	57.20	49.10	89.20	75.20	51.20	83.20
2019	1	9453	901	19/06/2019 50.20	85.10	93.20	61.10	49.10	72.20	63.10	58.20	56.20	77.20	71.10	45.10	51.20	47.10	77.10	88.10	56.20	71.20	60.20	87.20	49.10	84.20	57.10	56.20	86.10	56.10	80.20	76.20	93.10	50.10	88.20	90.20	49.10	76.20	86.20	60.10	60.20	79.20	50.10	63.20	75.20
2019	1	9342	901	19/06/2019 61.10	88.10	83.10	48.20	75.10	88.20	85.20	72.10	69.10	59.10	79.10	85.10	92.10	70.10	73.20	55.10	78.20	95.20	50.20	47.20	55.10	81.20	84.20	63.10	94.20	89.20	90.20	62.10	72.20	70.10	50.10	55.20	72.10	87.10	49.20	80.20	83.10	68.10	68.20	62.10	54.10
2019	1	9342	902	19/06/2019 88.10	65.20	69.10	93.20	70.20	86.10	94.10	71.20	70.20	54.20	67.20	83.20	84.10	87.10	74.10	58.20	72.10	45.10	80.20	79.20	64.20	69.10	71.20	61.10	46.20	60.10	85.10	64.20	78.10	72.20	57.20	84.10	60.20	63.10	93.20	83.20	90.20	92.10	45.20	59.10	91.10
2019	1	1005	1001	19/06/2019 83.20	45.20	63.20	71.20	56.10	65.20	60.20	46.20	59.10	82.10	91.10	84.20	63.20	86.20	47.20	56.10	55.20	45.20	83.10	95.20	56.10	64.20	78.20	82.10	49.10	47.10	72.10	54.20	93.20	76.10
2019	1	1005	1002	19/06/2019 49.10	52.10	87.20	52.20	79.10	74.10	85.20	72.20	71.20	93.10	75.20	57.20	86.20	72.10	65.10	59.20	81.10	51.10	51.10	52.20	55.20	60.10	75.10	68.10	65.20	61.20	84.20	56.10	52.20	53.20
2019	1	1004	1010	19/06/2019 75.20	83.10	85.10	90.20	80.10	94.20	49.10	53.20	91.20	93.10	79.20	54.20	61.20	80.10	94.10	59.10	62.20	52.20	50.20	74.10	52.10	88.20	91.10	88.10	86.20	47.10	64.20	50.10	89.20	87.20
2019	1	1019	1010	19/06/2019 66.10	71.20	89.10	49.10	83.10	45.20	73.10	95.10	53.20	80.10	88.20	50.10	55.10	89.20	92.10	89.10	45.10	47.10	89.20	59.20	76.20	90.10	75.10	82.10	51.10	59.20	67.10	49.10	49.20	52.10
2019	1	1020	1010	19/06/2019 77.10	64.20	60.10	89.10	58.10	93.10	80.10	76.10	88.20	53.10	47.20	57.10	50.10	92.20	52.20	51.10	59.10	68.20	69.20	52.20	77.10	95.20	62.10	49.10	55.20	46.10	59.10	69.20	54.20	55.20
2019   2   1813   112   14/11/2019   60.56   66.62   73.28   80.61   88.67   97.53   92.89   88.47   84.25   80.24   76.42   72.78   69.32   74.86   80.85   87.32   94.30   93.37   92.44   91.53   90.62   89.73   88.84   87.96   87.09   86.22   85.37   84.53   83.69
2019   2   1813   110   10/11/2019   63.59   69.95   76.94   84.64   93.10   102.41   97.53   92.89   88.47   84.25   80.24   76.42   72.78   78.60   84.89   91.68   99.02   98.04   97.07   96.11   95.15   94.21   93.28   92.36   91.44   90.54   89.64   88.75   87.87   88.05   88.22   88.40   88.58   88.76   88.93   89.11   89.29   89.47   89.65   89.83   90.01   90.19   90.37   90.55   90.73   90.91
2019   2   1813   111   16/11/2019   63.58   69.94   76.93   84.63   93.09   102.40   97.52   92.88   88.46   84.24   80.23   76.41   72.77   78.60   84.88   91.67   99.01   98.03   97.06   96.10   95.14   94.20   93.27   92.35   91.43   90.53
2019   2   1653   101   20/11/2019   92.19   92.20   92.21   92.22   92.23   92.24   92.25   92.26   92.27   92.28   92.28   92.29   92.30   92.31   92.32   92.33   92.34   92.35   92.36   92.37   92.38   92.39   92.40   92.40   92.41   92.42   92.43   92.44   92.45   92.46   92.47   92.48   92.49   92.50   92.51   92.52   92.52   92.53   92.54
2019   2   1653   102   10/11/2019   91.19   91.47   91.74   92.02   92.29   92.57   92.85   93.13   93.41   93.69   93.97   94.26   94.54   94.82   95.11   95.39   95.68   95.97   96.26   96.55   96.84   97.13   97.42   97.72   98.01   98.30
2019   2   1653   103   13/11/2019   78.58   78.97   79.37   79.76   80.16   80.56   80.97   81.37   81.78   82.19   82.60   83.01   83.43   83.84   84.26   84.68   85.11   85.53   85.96   86.39   86.82   87.26   87.69   88.13   88.57   89.01   89.46   89.91   90.36   90.81   91.26   91.72   92.18   92.64   93.10   93.57   94.03   94.50   94.98   95.45   95.93   96.41   96.89   97.37   97.86   98.35   98.84
2019   2   1653   104   20/11/2019   78.84   78.87   78.90   78.93   78.96   79.00   79.03   79.06   79.09   79.12   79.15   79.19   79.22   79.25   79.28   79.31   79.34   79.38   79.41   79.44   79.47   79.50   79.54   79.57   79.60   79.63
2019   2   1653   105   20/11/2019   87.49   87.14   86.79   86.45   86.10   85.76   85.42   85.08   84.74   84.40   84.06   83.73   83.40   83.06   82.73   82.40   82.07   81.75   81.42   81.10   80.77   80.45   80.13   79.81   79.49   79.18   78.86   78.55   78.24   77.92   77.61   77.30
2019   2   1653   106   10/11/2019   89.59   89.14   88.70   88.26   87.82   87.38   86.95   86.52   86.09   85.66   85.23   84.81   84.38   83.97   83.55   83.13   82.72   82.31   81.90   81.49   81.08   80.68   80.28   79.88   79.48   79.09   78.69   78.30   77.91   77.52   77.14   76.76   76.37   75.99   75.62   75.24   74.87   74.49   74.12   73.75   73.39   73.02   72.66   72.30
2019   2   2082   220   20/11/2019   89.59   90.04   90.49   90.94   91.39   91.85   92.31   92.77   93.24   93.70   94.17   94.64   95.12   95.59   96.07   96.55   97.03   97.52   98.00   98.49   98.99   99.48   99.98
2019   2   2082   221   18/11/2019   92.39   92.38   92.37   92.36   92.36   92.35   92.34   92.33   92.32   92.31   92.30   92.29   92.28   92.27   92.26   92.25   92.24   92.24   92.23   92.22   92.21   92.20   92.19   92.18   92.17   92.16   92.15   92.14   92.13   92.12   92.12   92.11   92.10   92.09   92.08
2019   2   2176   201   16/11/2019   92.39   92.38   92.37   92.36   92.35   92.35   92.34   92.33   92.32   92.31   92.30   92.29   92.28   92.27   92.26   92.25   92.24   92.23   92.23   92.22   92.21   92.20   92.19   92.18   92.17   92.16   92.15   92.14   92.13   92.12   92.11   92.11   92.10   92.09   92.08   92.08   92.08   92.08   92.07   92.07   92.07   92.07   92.07   92.07   92.07   92.07   92.07   92.07   92.06   92.06
2019   2   2176   202   17/11/2019   92.02   92.01   92.00   92.00   91.99   91.98   91.97   91.96   91.95   91.94   91.93   91.92   91.91   91.90   91.89   91.89   91.88   91.87   91.86   91.85   91.84   91.83   91.82   91.81   91.80   91.79   91.78   91.78   91.77   91.76   91.75   91.74   91.73   91.72   91.71   91.71   91.71   91.71   91.71   91.71   91.71   91.70   91.70   91.70   91.70   91.70   91.70   91.70   91.70
2019   2   2176   203   20/11/2019   91.38   91.37   91.37   91.36   91.35   91.34   91.33   91.32   91.31   91.30   91.29   91.28   91.27   91.26   91.26   91.25   91.24   91.23   91.22   91.21   91.20   91.19   91.18   91.17   91.16   91.16   91.15   91.14   91.13   91.12   91.11   91.10   91.09   91.08   91.07   91.07   91.07   91.07   91.07   91.07   91.07   91.07   91.07
2019   2   2176   204   10/11/2019   91.34   91.33   91.32   91.31   91.30   91.29   91.28   91.27   91.26   91.26   91.25   91.24   91.23   91.22   91.21   91.20   91.19   91.18   91.17   91.16   91.16   91.15   91.14   91.13   91.12   91.11   91.10   91.09   91.08   91.07   91.06   91.06   91.05   91.04   91.03   91.03   91.03   91.03   91.02   91.02   91.02   91.02
2019   2   3294   310   12/11/2019   70.37   70.38   70.40   70.41   70.43   70.44   70.45   70.47   70.48   70.50   70.51   70.53   70.54   70.55   70.57   70.58   70.60   70.61   70.62   70.64   70.65   70.67   70.68   70.69   70.71   70.72   70.74   70.75   70.77   70.78   70.79   70.81   70.82   70.84   70.85   70.86   70.88
2019   2   3294   311   14/11/2019   67.87   67.88   67.89   67.91   67.92   67.94   67.95   67.96   67.98   67.99   68.00   68.02   68.03   68.04   68.06   68.07   68.09   68.10   68.11   68.13   68.14   68.15   68.17   68.18   68.19   68.21   68.22   68.24   68.25   68.26   68.28   68.29   68.30   68.32   68.33   68.34   68.36   68.37   68.39
2019   2   3294   312   19/11/2019   72.57   72.59   72.60   72.62   72.63   72.65   72.66   72.67   72.69   72.70   72.72   72.73   72.75   72.76   72.78   72.79   72.81   72.82   72.83   72.85   72.86   72.88   72.89   72.91   72.92   72.94   72.95   72.97   72.98   72.99   73.01   73.02   73.04   73.05   73.07   73.08   73.10
2019   2   3294   313   11/11/2019   67.97   67.98   68.00   68.01   68.02   68.04   68.05   68.06   68.08   68.09   68.10   68.12   68.13   68.14   68.16   68.17   68.19   68.20   68.21   68.23   68.24   68.25   68.27   68.28   68.29   68.31   68.32   68.34   68.35   68.36   68.38   68.39   68.40   68.42   68.43   68.45   68.46   68.47   68.49   68.50
2019   2   3294   314   14/11/2019   78.98   78.99   79.01   79.03   79.04   79.06   79.07   79.09   79.11   79.12   79.14   79.15   79.17   79.18   79.20   79.22   79.23   79.25   79.26   79.28   79.30   79.31   79.33   79.34   79.36   79.37   79.39   79.41   79.42   79.44   79.45   79.47   79.49   79.50   79.52   79.53   79.55   79.57   79.58
2019   2   3294   315   19/11/2019   87.99   88.01   88.02   88.04   88.06   88.08   88.09   88.11   88.13   88.15   88.16   88.18   88.20   88.22   88.23   88.25   88.27   88.29   88.31   88.32   88.34   88.36   88.38   88.39   88.41   88.43   88.45   88.46   88.48   88.50   88.52   88.54   88.55   88.57   88.59   88.61   88.62   88.64
2019   2   3979   301   13/11/2019   78.88   78.89   78.91   78.93   78.94   78.96   78.97   78.99   79.01   79.02   79.04   79.05   79.07   79.08   79.10   79.12   79.13   79.15   79.16   79.18   79.19   79.21   79.23   79.24   79.26   79.27   79.29   79.31   79.32
2019   2   3979   302   14/11/2019   87.59   87.68   87.69   87.71   87.73   87.75   87.76   87.78   87.80   87.82   87.83   87.85   87.87   87.89   87.90   87.92   87.94   87.96   87.97   87.99   88.01   88.03   88.04   88.06   88.08
2019   2   3979   303   14/11/2019   92.39   92.48   92.58   92.67   92.76   92.86   92.95   93.04   93.13   93.23   93.32   93.41   93.51   93.60   93.69   93.79   93.88   93.98   94.07   94.16   94.26   94.35   94.45   94.54   94.64   94.73   94.82
2019   2   3818   311   13/11/2019   73.27   82.28   50.15   79.18   65.27   88.29   87.29   54.15   95.20   69.27   65.27   73.27   55.16   82.18   45.15   92.29   77.28   53.25   63.16   62.16   68.27   75.28   71.27   63.16   69.27   54.25   66.17   74.17   86.29   69.17   66.17   76.18   86.29   71.27   80.28   90.29   62.26
2019   2   3245   312   15/11/2019   75.18   48.25   92.19   73.17   72.17   69.17   58.26   75.18   67.17   45.25   49.25   88.29   46.25   56.16   68.17   90.19   72.17   59.16   79.28   55.26   51.15   76.28   52.25   89.29   80.18   61.16   57.16   68.27   65.17   65.27   89.19   83.18   87.19   82.18   62.26   90.19
2019   2   4567   401   16/11/2019   48.25   86.29   67.17   70.27   68.27   66.27   60.26   87.19   81.28   72.17   89.19   78.18   57.26   62.16   50.15   65.27   52.15   67.17   48.25   91.19   95.20   49.25   66.17   76.28   86.19   51.25   56.16   84.18   69.27   80.28   46.15   48.15   65.27   52.25   92.19   94.19
2019   2   4312   410   18/11/2019   75.28   83.18   56.16   79.18   53.25   90.19   94.29   45.25   61.16   52.15   94.19   81.18   84.18   84.18   82.18   93.19   91.19   91.19   79.18   83.28   72.17   92.19   50.25   95.20   95.20   90.19   69.27   48.15   89.19   86.29   55.16   77.28   56.16   83.28   93.29
2019   2   4412   411   17/11/2019   77.28   67.17   86.19   54.15   68.27   70.27   71.27   85.19   61.16   63.16   46.15   53.15   71.17   65.17   74.27   48.15   57.16   73.17   90.29   74.27   93.29   45.25   56.16   69.27   62.26   54.25   75.18   67.17
2019   2   4412   411   18/11/2019   54.15   62.26   66.27   89.29   60.26   66.27   64.26   87.29   77.28   76.28   49.25   91.19   72.27   83.18   65.17   59.16   50.15   62.16   61.16   85.19   68.27   60.26   80.28   54.25   62.16   87.29
2019   2   4412   411   18/11/2019   65.27   50.25   49.15   78.28   74.27   82.18   57.16   62.16   76.18   89.29   73.17   80.28   57.16   80.28   55.26   47.25   57.16   87.29   46.15   59.26   82.28   83.28   53.15   60.26   79.28   62.16   49.25   48.25   68.27
2019   2   5506   510   15/11/2019   60.26   69.27   49.15   83.28   93.29   94.19   68.17   82.28   64.26   91.19   49.15   79.18   76.18   45.15   75.28   53.15   45.25   60.26   78.18   84.18   85.29   80.28   51.15   58.16   80.28   92.29   82.28   63.16   86.19   70.17   50.25   75.28   46.15   89.29   84.18   64.16   67.27   86.19   64.26   66.17
2019   2   5506   511   11/11/2019   59.26   48.25   91.19   94.29   74.17   94.29   59.26   82.18   48.15   52.15   82.28   74.27   61.26   51.25   55.26   70.27   86.19   50.25   59.16   54.15   81.18   67.17   57.16   45.15   66.17   84.28   92.29   66.17   91.29   47.15   71.27   72.17   74.17   83.28   78.28   81.28
2019   2   5506   512   19/11/2019   77.18   69.27   75.28   55.16   63.26   89.19   58.16   81.18   95.30   83.18   62.26   57.16   65.17   71.27   46.15   92.19   90.29   67.27   85.19   47.15   81.28   76.18   74.17   81.18   60.26   89.29   53.15   48.15   91.29   71.17   78.28   45.15   95.20   68.17   78.18   74.27   45.25
2019   2   5890   501   18/11/2019   87.19   94.19   63.26   84.18   72.17   92.29   90.29   93.29   64.26   84.18   77.18   81.18   64.16   90.19   69.27   47.25   83.28   91.19   49.15   68.27   61.26   52.15   64.26   71.17   70.27   82.18   65.17   50.15   94.19   63.26   65.17   59.16   48.15   53.25   94.19   87.19   76.18   48.15   91.29
2019   2   5678   501   18/11/2019   86.19   85.29   87.19   91.29   54.15   46.15   79.28   86.29   48.25   89.19   73.27   71.17   66.27   60.26   83.28   50.25   92.29   54.25   70.27   64.26   80.28   92.29   90.19   73.17   76.18   84.18   60.26   87.19   92.29   71.17   49.15   68.27   56.26   52.25   83.28   63.26   54.15   80.28   89.29
2019   2   5678   502   17/11/2019   90.19   77.18   46.15   65.27   63.16   94.29   68.27   52.25   63.16   67.17   83.18   65.17   46.15   92.19   92.19   62.26   64.26   73.17   85.19   95.30   63.16   50.25   57.26   93.29   83.18   61.16   73.27   72.27   81.28   75.28   85.19   50.15   65.27   55.16   76.28   89.29   89.19
2019   2   5678   503   20/11/2019   51.15   85.19   61.16   95.30   59.16   93.29   58.16   46.15   72.27   92.19   86.19   59.16   76.28   55.26   47.25   86.19   75.28   91.19   46.25   73.17   66.17   55.26   62.26   78.18   52.25   61.26   48.25   72.27   53.25   87.29   64.16   72.17   79.28   93.29   57.16   60.26   82.28   55.16
2019   2   5423   501   16/11/2019   61.16   89.29   94.19   54.25   86.19   50.15   66.17   87.19   78.28   66.27   50.15   50.15   95.30   54.15   52.25   48.15   79.28   55.16   71.27   82.18   50.25   84.28   57.16   45.15   58.16   68.27   54.25   81.18   90.19   61.26
2019   2   5423   502   10/11/2019   67.17   46.15   76.18   94.19   58.26   58.26   60.16   86.29   70.17   95.20   66.27   63.26   73.17   48.25   91.29   91.29   94.29   86.19   57.26   87.29   93.19   64.16   72.27   68.27   66.17   47.15   93.19   72.27   92.29   45.25
2019   2   5423   503   10/11/2019   86.29   85.19   48.25   95.30   91.19   69.17   53.15   77.18   78.28   67.27   81.18   68.27   75.28   69.27   93.19   59.26   88.29   50.15   64.16   74.27   62.26   87.29   54.25   56.26   81.18   61.16   93.19   81.28   45.15   92.19
2019   2   5423   504   12/11/2019   81.28   76.28   73.27   88.29   94.29   87.19   68.17   78.28   92.19   64.26   72.17   91.29   71.27   86.29   54.15   47.15   70.17   56.26   58.26   77.18   46.25   73.17   65.17   85.29   46.25   59.26   72.27   61.16   80.28   59.16
2019   2   6542   601   17/11/2019   47.25   61.26   45.25   90.19   81.28   69.17   58.26   85.19   71.27   70.17   64.16   77.28   45.25   68.27   69.27   79.28   83.18   53.25   79.28   84.28   81.28   95.30   85.19   88.29   64.16   74.27   88.19   57.26   63.16   86.29   83.18   95.20   92.29   62.16   75.18   53.25   75.28   80.18   73.27   56.16   81.28   74.27   51.25
2019   2   6542   602   10/11/2019   52.25   95.20   48.15   51.25   55.26   74.17   82.18   82.28   64.26   73.27   91.29   62.26   82.18   79.18   78.28   45.25   51.25   76.18   49.15   49.15   55.16   54.25   81.18   76.18   76.18   74.17   85.19   93.29   80.28   91.19   66.27   50.15   59.26   93.19   68.17   65.27   85.19   85.29   84.18   73.27   60.26   91.29
2019   2   6123   610   19/11/2019   50.25   79.28   83.28   71.17   91.19   71.17   70.27   45.25   54.15   46.25   68.27   89.29   68.27   88.19   81.28   66.17   89.19   86.19   70.17   87.29   76.18   48.15   88.19   72.27   74.17   94.19   91.29   48.15   93.29   58.16   46.15   49.25   71.17   50.15   46.15   88.29   93.19   93.29   67.27   48.25
2019   2   6123   611   16/11/2019   87.29   60.26   57.26   54.15   56.16   84.18   65.17   51.15   70.27   69.27   59.26   84.18   70.27   62.16   78.18   69.17   90.19   88.19   67.17   78.18   76.18   60.26   80.18   47.15   87.19   72.17   57.26   86.19   94.29   83.28   63.16   95.30   84.28   70.27   91.19   55.16   68.17   70.17
2019   2   6123   612   18/11/2019   82.28   89.29   82.18   52.15   67.27   93.29   61.26   87.19   64.26   72.17   59.26   51.15   94.19   88.19   83.28   57.16   94.29   57.16   84.18   76.18   84.28   54.25   76.28   47.15   86.29   54.15   58.26   81.18   91.29   49.15
2019   2   6789   601   17/11/2019   72.27   54.15   61.16   86.29   77.18   72.17   51.25   56.16   68.17   95.30   68.17   79.18   62.16   83.28   90.19   65.17   81.28   54.25   64.26   74.17   49.15   71.27   74.17   47.15   70.27   52.25   73.17   71.27   94.19   49.25   95.30   66.17   53.15   57.26   49.15   85.29   47.15   93.19   52.25
2019   2   6789   602   20/11/2019   76.18   51.25   67.27   63.26   59.16   78.28   69.27   53.15   49.25   50.25   84.28   49.15   67.27   85.19   65.17   76.28   52.15   50.25   56.16   84.28   68.27   76.18   56.16   76.28   51.25   73.27   51.15   52.25   74.27   81.18   91.19   80.28   64.16   48.25   47.25   53.15   92.29   75.18   59.16
2019   2   6789   603   11/11/2019   90.29   92.29   83.18   85.29   86.19   95.30   45.25   85.29   72.27   95.30   88.29   79.28   48.25   85.19   82.18   91.29   66.27   95.30   59.26   50.15   53.15   89.29   56.16   68.27   64.26   95.30   68.27   48.15   62.26   91.19   93.29   77.28   66.17   54.25   68.27   56.16   91.19   56.16   80.28   70.27
2019   2   6789   604   17/11/2019   92.19   66.17   85.19   81.28   57.16   85.29   65.27   48.25   72.17   45.25   87.29   52.25   83.28   71.27   54.25   62.16   84.18   88.19   72.17   61.16   74.27   45.25   45.25   55.16   92.29   95.30   79.18   50.25   71.27   80.28   69.17   79.28   65.17   77.28   50.15
2019   2   6324   601   16/11/2019   70.27   80.18   79.18   59.26   54.15   50.25   89.29   58.16   81.28   84.28   53.15   72.17   86.19   52.25   69.17   57.16   60.26   86.19   85.19   48.25   71.27   88.19   57.26   59.16   50.25   56.16   51.15   50.25   91.29   87.29   47.15   82.18   56.26   59.16   52.15
2019   2   6324   602   18/11/2019   63.16   45.15   71.27   64.26   75.28   46.15   75.28   47.15   80.18   60.16   66.27   95.30   91.19   63.26   63.16   95.30   78.18   88.29   64.26   59.16   71.17   77.28   47.15   91.19   80.28   48.15   59.16   53.15   47.25   84.28   66.27   86.29   82.28   46.15   62.16
2019   2   6324   603   11/11/2019   50.15   85.29   55.26   67.17   57.26   75.28   61.16   83.18   77.18   66.27   67.17   69.27   71.27   88.19   48.25   75.28   86.29   56.26   45.25   86.19   52.25   64.16   59.16   77.18   75.18   46.15   65.17   47.25   46.25   80.18
2019   2   6324   604   18/11/2019   48.25   60.26   84.18   47.15   74.27   47.25   59.26   59.16   66.27   95.30   59.26   68.17   64.26   90.19   51.15   89.29   51.15   93.19   55.16   51.25   51.25   49.25   58.26   58.26   74.17   86.19   47.15   50.25   59.16   92.19
2019   2   6324   605   16/11/2019   85.19   80.28   48.15   70.27   85.19   79.28   83.28   80.18   70.17   85.29   51.15   57.16   53.25   65.27   56.16   84.28   46.25   88.19   61.16   51.15   55.16   54.25   82.18   91.29   55.26   51.25   45.15   91.19   80.28   75.18
2019   2   6678   610   17/11/2019   46.25   46.25   54.15   71.27   80.18   92.29   58.16   48.25   56.16   65.27   57.16   78.18   80.18   46.25   46.25   78.28   64.16   76.18   94.29   66.17   84.28   94.19   73.17   92.19   84.18   77.28   81.28   68.27   45.15   86.19   82.28   83.18   65.17   80.28   63.16   56.26   69.17   69.17   69.17   95.30   72.17   74.27   95.30   57.26
2019   2   6678   611   20/11/2019   86.19   55.26   62.26   71.17   73.27   45.15   93.19   93.19   78.18   70.17   74.17   88.19   63.26   69.27   69.17   71.27   66.27   67.17   75.18   66.17   53.15   71.17   53.15   67.17   51.15   58.26   81.18   59.16   55.16   77.28   50.25   68.17   55.16   52.25   48.25   49.15   66.17   72.17   84.28
2019   2   7845   701   18/11/2019   54.15   75.18   47.25   59.16   70.17   45.15   50.25   71.27   61.26   76.18   85.29   89.19   85.19   94.29   54.15   85.29   90.19   95.30   74.27   69.27   89.19   88.19   58.26   54.15   48.25   67.27   46.25   85.29   93.29   51.15
2019   2   7845   702   12/11/2019   58.26   53.15   84.18   46.15   73.27   70.27   84.18   69.27   49.15   63.26   54.25   54.25   94.19   46.15   47.15   76.28   51.25   64.16   51.25   95.30   78.28   80.18   52.25   51.25   85.29   80.28   75.18   94.19   92.19   82.28
2019   2   7123   701   18/11/2019   71.27   83.28   45.15   72.17   71.17   76.28   60.26   95.20   80.28   87.29   45.15   52.15   80.18   90.19   83.18   76.28   62.16   65.27   69.27   90.29   89.29   73.27   95.30   79.18   92.29   53.15   55.26   67.27   68.27   75.28
2019   2   7123   702   17/11/2019   56.26   81.28   52.25   53.15   68.27   76.28   60.16   85.29   47.15   84.18   66.27   76.28   47.15   46.15   89.19   84.28   51.25   59.26   95.30   47.15   58.16   52.25   83.18   84.28   73.17   48.25   94.19   53.15   66.27   58.26
2019   2   7123   703   12/11/2019   85.19   69.27   46.25   89.19   55.26   64.26   70.27   66.27   95.30   89.29   56.16   82.28   45.15   75.18   72.27   50.15   81.18   68.17   62.26   52.15   66.27   70.27   60.26   51.15   72.17   58.16   55.26   82.18   49.15   60.26
2019   2   6745   601   10/11/2019   74.27   82.28   81.28   56.26   48.15   81.28   51.15   87.19   73.17   69.17   78.18   54.25   72.27   57.16   54.25   79.18   62.26   95.30   78.18   75.18   77.28   65.17   56.26   76.18   86.19   88.29   88.29   85.19   52.25   76.28   61.16   59.16   86.19   52.15   88.29   57.16   83.18   79.28   61.26   52.15
2019   2   6745   602   17/11/2019   50.15   74.27   62.16   78.28   94.19   85.19   45.25   45.25   74.17   83.28   83.28   69.27   52.15   63.26   62.16   48.15   78.18   55.16   45.25   71.27   52.15   89.19   52.25   78.28   57.16   60.26   95.30   72.17   88.19   75.28
2019   2   6745   603   19/11/2019   82.28   52.15   65.27   69.17   94.19   72.17   83.18   47.25   51.15   73.17   47.15   73.27   49.25   50.15   92.19   63.26   47.15   85.19   45.15   82.28   85.19   84.18   69.27   83.18   57.26   95.20   61.16   47.15   54.25   83.28
2019   2   6678   601   15/11/2019   55.16   89.19   50.25   70.17   88.19   88.19   64.16   75.28   93.19   81.18   85.19   55.26   92.29   69.27   68.17   56.26   82.28   69.17   77.28   73.27   87.29   84.28   47.25   76.28   62.26   77.18   57.26   70.27   80.28   71.27
2019   2   6678   602   11/11/2019   50.25   94.29   69.17   59.16   95.20   69.17   95.20   46.15   71.17   54.15   78.18   67.17   75.28   94.29   62.26   52.15   46.25   48.25   59.26   61.16   52.15   87.19   90.29   52.15   76.18   73.17   95.20   95.20   94.19   94.19
2019   2   6678   603   10/11/2019   60.16   75.18   89.19   53.15   68.27   52.15   82.28   84.18   56.16   90.19   83.28   62.16   70.27   90.29   75.28   76.28   74.17   45.25   46.25   83.28   61.26   87.19   51.25   61.16   77.28   93.29   53.15   77.28   58.16   53.25
2019   2   7823   701   15/11/2019   71.27   84.28   66.27   61.16   46.15   95.20   83.28   53.25   83.28   88.29   85.29   62.16   88.29   49.15   82.18   85.19   71.27   92.19   62.26   95.30   80.28   50.25   74.27   53.15   65.27   78.28   58.26   70.27   94.19   47.25
2019   2   7823   702   18/11/2019   60.26   53.15   77.18   89.19   84.18   46.25   86.29   49.25   70.27   49.15   50.25   92.29   85.19   61.16   45.25   78.28   94.19   94.19   93.19   92.29   64.26   86.29   94.29   68.17   91.29   50.25   83.28   79.18   77.18
2019   2   8756   801   19/11/2019   91.19   93.29   64.16   49.15   53.15   69.17   90.19   60.26   45.25   83.18   85.29   76.28   92.29   65.27   81.18   49.25   84.18   88.29   63.26   82.28   63.26   75.28   90.29   50.15   87.19   85.19   67.17   83.18   74.27   88.19
2019   2   8756   801   14/11/2019   56.16   71.17   92.29   84.28   78.18   89.29   55.16   53.15   48.15   89.19   46.25   72.17   89.29   87.19   82.18   61.26   48.25   61.26   90.19   59.16   57.16   92.29   60.26   70.27   86.29   93.29   85.19   89.19   56.26
2019   2   8756   802   20/11/2019   75.28   70.17   85.29   67.27   66.17   70.27   79.28   46.15   77.18   82.28   51.25   77.28   71.27   91.29   50.15   63.26   59.16   79.28   58.16   45.25   57.16   51.15   80.28   80.28   45.25   54.15   68.17   79.18   75.18   73.17
2019   2   8123   810   10/11/2019   81.18   76.28   59.26   62.26   64.26   85.29   57.26   93.29   52.25   92.19   57.26   93.19   53.15   68.17   56.16   57.16   71.27   95.30   53.15   57.16   55.16   77.28   52.15   92.19   60.16   51.15   50.25   48.15   78.18
2019   2   8123   811   11/11/2019   53.15   77.18   51.15   65.17   78.18   55.26   67.27   81.28   79.18   81.18   92.19   49.25   65.17   70.17   77.28   51.25   75.18   60.26   45.25   54.15   66.27   45.25   75.28   51.15   93.19
2019   2   8099   810   17/11/2019   73.27   85.29   63.16   47.25   86.29   73.17   74.27   54.25   92.29   90.19   68.27   83.18   56.16   88.29   66.17   89.29   88.19   73.27   93.19   49.25   89.29   86.29   53.15   46.25   83.18   90.29   53.15   52.15   65.27   83.28
2019   2   8100   810   12/11/2019   49.25   74.17   94.29   81.28   60.26   75.28   89.19   74.27   71.17   54.25   47.15   72.17   48.25   59.26   65.27   66.17   49.25   84.28   50.15   79.18   51.25   58.16   63.26   93.19   80.28   72.27   90.19   72.27   76.18   89.29   77.28   76.18   67.27   48.25   78.28   54.25   51.25   82.28   72.27   82.28
2019   2   8967   810   10/11/2019   50.25   60.26   63.16   55.16   56.26   91.19   53.25   89.29   59.26   83.18   51.15   45.25   74.17   80.28   53.15   56.26   61.16   84.28   87.29   52.25   95.20   77.28   95.20   93.19   90.19   91.19   46.25   83.28   53.25   48.15   62.26   74.27   64.16   57.26   70.17   54.15   53.25   50.25
2019   2   8967   811   10/11/2019   47.25   52.25   51.25   50.25   71.27   77.28   94.19   92.19   93.29   49.15   75.18   77.18   64.26   89.19   80.28   80.18   45.25   61.16   68.27   49.25   94.19   90.19   54.15   55.26   67.27   66.27   81.28   52.25   71.27   94.19   76.28   83.18   69.27   92.29   84.18   62.16   89.19   75.28   89.29   74.17
2019   2   8967   812   16/11/2019   62.16   81.18   53.25   50.25   45.25   47.15   88.29   78.18   67.27   83.28   71.17   78.28   86.29   57.26   68.17   79.28   58.26   52.15   89.19   81.18   74.17   78.28   84.18   53.15   51.15   90.29   86.19   69.27   77.18   45.15   75.18   79.18   95.20   48.25   52.25   47.15
2019   2   9867   901   13/11/2019   49.15   53.25   68.27   92.19   88.19   45.25   72.17   54.25   74.27   78.28   89.19   87.19   59.26   79.18   73.27   66.17   59.26   49.15   72.27   86.29   90.19   47.25   88.29   61.26   57.16   84.28   85.29   76.18   70.17   84.18   62.26   54.15   63.26   94.29
2019   2   9867   902   16/11/2019   63.26   94.19   82.18   59.26   82.18   68.27   85.29   88.29   79.18   63.26   54.25   81.28   86.29   68.27   91.19   84.28   79.18   52.15   48.15   69.27   86.19   67.27   86.29   89.19   46.15   56.16   73.17   59.16   72.17   60.16   83.28   56.26
2019   2   7815   701   11/11/2019   77.28   61.26   80.18   79.18   56.26   76.28   73.27   89.29   83.28   84.28   65.17   80.28   93.19   73.27   91.19   45.15   74.27   56.16   95.30   46.25   49.15   72.27   56.16   63.16   66.27   88.19   90.19   80.28   53.25   56.16
2019   2   7815   702   11/11/2019   61.26   84.28   51.25   67.17   82.18   71.27   90.29   89.29   56.26   88.19   92.29   48.15   47.15   66.27   48.15   79.18   77.28   57.26   91.19   74.17   79.18   86.29   87.29   57.26   62.26   70.27   82.18   64.26   79.28   48.15
2019   2   7815   703   16/11/2019   89.19   86.29   55.26   65.17   78.28   74.27   84.18   87.29   91.29   48.15   66.27   48.15   88.19   53.25   58.26   71.27   74.17   53.25   92.29   90.29   93.29   50.25   68.27   60.26   91.19   59.16   54.15   69.17   93.19   85.19
2019   2   7812   710   17/11/2019   89.19   52.15   82.28   52.15   65.27   54.25   52.25   60.16   88.19   80.18   48.15   63.26   63.16   93.19   48.15   47.15   81.18   70.27   88.19   90.29   60.26   80.18   75.28   72.17   57.16   56.16   93.19   57.26   69.17   48.25
2019   2   7812   711   17/11/2019   56.26   79.18   66.27   52.15   88.19   92.19   95.20   56.26   56.26   53.25   58.16   46.15   73.17   53.25   66.27   77.18   53.25   66.17   95.20   75.28   61.16   53.15   69.27   70.27   46.25   89.29   77.28   51.15   53.15   76.28
2019   2   7812   712   16/11/2019   95.20   87.29   51.25   89.19   73.27   81.18   61.16   75.28   71.27   67.17   72.17   82.18   79.18   67.17   77.18   71.27   76.18   89.19   58.16   79.18   69.27   61.26   69.17   91.19   64.26   58.26   72.17   84.28   62.26   49.25
2019   2   6674   610   11/11/2019   52.15   68.27   70.17   51.25   88.29   90.19   49.15   82.18   54.25   87.29   67.17   59.26   68.27   88.29   64.26   82.28   84.18   63.16   95.20   79.18   50.25   89.19   85.19   46.15   50.15   55.26   51.25   86.29   54.15   85.19
2019   2   6674   611   20/11/2019   72.27   82.28   84.28   60.26   60.16   78.28   51.25   65.17   77.18   67.17   85.29   79.28   89.29   89.19   81.18   65.27   82.18   94.19   80.18   83.18   51.15   50.25   81.28   68.27   91.29   92.19   86.19   54.15   54.25   77.28
2019   2   6674   612   15/11/2019   50.25   60.26   55.26   74.17   49.15   67.27   94.29   79.28   59.26   71.17   46.15   64.26   95.30   87.19   61.26   77.18   86.29   69.17   95.30   77.18   87.19   63.26   77.18   88.19   55.26   75.28   86.29   68.17   62.16   71.27
2019   2   9567   901   14/11/2019   57.26   93.29   65.27   93.19   71.27   93.19   80.28   93.29   48.25   60.26   90.19   84.28   83.28   64.26   81.28   65.17   81.18   46.25   52.15   86.19   59.16   80.28   84.28   85.19   52.15   62.26   71.27   86.29   90.19   74.17   60.16   51.25   79.18   91.29   71.27   57.26   49.15   89.29   75.28   51.25
2019   2   9453   901   12/11/2019   50.25   85.19   93.29   61.16   49.15   72.27   63.16   58.26   56.26   77.28   71.17   45.15   51.25   47.15   77.18   88.19   56.26   71.27   60.26   87.29   49.15   84.28   57.16   56.26   86.19   56.16   80.28   76.28   93.19   50.15   88.29   90.29   49.15   76.28   86.29   60.16   60.26   79.28   50.15   63.26
2019   2   9342   901   16/11/2019   61.16   88.19   83.18   48.25   75.18   88.29   85.29   72.17   69.17   59.16   79.18   85.19   92.19   70.17   73.27   55.16   78.28   95.30   50.25   47.25   55.16   81.28   84.28   63.16   94.29   89.29   90.29   62.16   72.27   70.17   50.15   55.26   72.17   87.19   49.25   80.28   83.18   68.17   68.27   62.16
2019   2   9342   902   16/11/2019   88.19   65.27   69.17   93.29   70.27   86.19   94.19   71.27   70.27   54.25   67.27   83.28   84.18   87.19   74.17   58.26   72.17   45.15   80.28   79.28   64.26   69.17   71.27   61.16   46.25   60.16   85.19   64.26   78.18   72.27   57.26   84.18   60.26   63.16   93.29   83.28   90.29   92.19   45.25   59.16
2019   2   1005   1001   13/11/2019   83.28   45.25   63.26   71.27   56.16   65.27   60.26   46.25   59.16   82.18   91.19   84.28   63.26   86.29   47.25   56.16   55.26   45.25   83.18   95.30   56.16   64.26   78.28   82.18   49.15   47.15   72.17   54.25   93.29   76.18
2019   2   1005   1002   19/11/2019   49.15   52.15   87.29   52.25   79.18   74.17   85.29   72.27   71.27   93.19   75.28   57.26   86.29   72.17   65.17   59.26   81.18   51.15   51.15   52.25   55.26   60.16   75.18   68.17   65.27   61.26   84.28   56.16   52.25   53.25
2019   2   1004   1010   19/11/2019   75.28   83.18   85.19   90.29   80.18   94.29   49.15   53.25   91.29   93.19   79.28   54.25   61.26   80.18   94.19   59.16   62.26   52.25   50.25   74.17   52.15   88.29   91.19   88.19   86.29   47.15   64.26   50.15   89.29   87.29
2019   2   1019   1010   18/11/2019   66.17   71.27   89.19   49.15   83.18   45.25   73.17   95.20   53.25   80.18   88.29   50.15   55.16   89.29   92.19   89.19   45.15   47.15   89.29   59.26   76.28   90.19   75.18   82.18   51.15   59.26   67.17   49.15   49.25   52.15
2019   2   1020   1010   19/11/2019   77.18   64.26   60.16   89.19   58.16   93.19   80.18   76.18   88.29   53.15   47.25   57.16   50.15   92.29   52.25   51.15   59.16   68.27   69.27   52.25   77.18   95.30   62.16   49.15   55.26   46.15   59.16   69.27   54.25   55.26
2019   2   1010   1001   13/11/2019   78.95   65.74   61.54   91.24   59.50   95.34   82.02   77.93   90.32   54.38   48.33   58.47   51.30   94.41   53.45   52.33   60.52   69.84   70.86   53.45   78.95   97.49   63.59   50.28   56.53   47.21   60.52   70.86   55.50   56.53
2019   2   6780   601   10/11/2019   70.27   80.18   79.18   59.26   54.15   50.25   89.29   58.16   81.28   84.28   53.15   72.17   86.19   52.25   69.17   57.16   60.26   86.19   85.19   48.25   71.27   88.19   57.26   59.16   50.25   56.16   51.15   50.25   91.29   87.29   47.15   82.18   56.26   59.16   52.15
2019   2   6780   602   17/11/2019   63.16   45.15   71.27   64.26   75.28   46.15   75.28   47.15   80.18   60.16   66.27   95.30   91.19   63.26   63.16   95.30   78.18   88.29   64.26   59.16   71.17   77.28   47.15   91.19   80.28   48.15   59.16   53.15   47.25   84.28   66.27   86.29   82.28   46.15   62.16
2019   2   6780   603   10/11/2019   50.15   85.29   55.26   67.17   57.26   75.28   61.16   83.18   77.18   66.27   67.17   69.27   71.27   88.19   48.25   75.28   86.29   56.26   45.25   86.19   52.25   64.16   59.16   77.18   75.18   46.15   65.17   47.25   46.25   80.18
2019   2   6780   604   18/11/2019   48.25   60.26   84.18   47.15   74.27   47.25   59.26   59.16   66.27   95.30   59.26   68.17   64.26   90.19   51.15   89.29   51.15   93.19   55.16   51.25   51.25   49.25   58.26   58.26   74.17   86.19   47.15   50.25   59.16   92.19
2019   2   6780   605   12/11/2019   85.19   80.28   48.15   70.27   85.19   79.28   83.28   80.18   70.17   85.29   51.15   57.16   53.25   65.27   56.16   84.28   46.25   88.19   61.16   51.15   55.16   54.25   82.18   91.29   55.26   51.25   45.15   91.19   80.28   75.18
2019   2   7450   701   17/11/2019   61.16   88.19   83.18   48.25   75.18   88.29   85.29   72.17   69.17   59.16   79.18   85.19   92.19   70.17   73.27   55.16   78.28   95.30   50.25   47.25   55.16   81.28   84.28   63.16   94.29   89.29   90.29   62.16   72.27   70.17   50.15   55.26   72.17   87.19   49.25   80.28   83.18   68.17   68.27   62.16
2019   2   7470   702   13/11/2019   88.19   65.27   69.17   93.29   70.27   86.19   94.19   71.27   70.27   54.25   67.27   83.28   84.18   87.19   74.17   58.26   72.17   45.15   80.28   79.28   64.26   69.17   71.27   61.16   46.25   60.16   85.19   64.26   78.18   72.27   57.26   84.18   60.26   63.16   93.29   83.28   90.29   92.19   45.25   59.16
2019   2   10950   1001   14/11/2019   89.19   52.15   82.28   52.15   65.27   54.25   52.25   60.16   88.19   80.18   48.15   63.26   63.16   93.19   48.15   47.15   81.18   70.27   88.19   90.29   60.26   80.18   75.28   72.17   57.16   56.16   93.19   57.26   69.17   48.25
2019   2   10950   1002   15/11/2019   56.26   79.18   66.27   52.15   88.19   92.19   95.20   56.26   56.26   53.25   58.16   46.15   73.17   53.25   66.27   77.18   53.25   66.17   95.20   75.28   61.16   53.15   69.27   70.27   46.25   89.29   77.28   51.15   53.15   76.28
2019   2   10950   1003   17/11/2019   95.20   87.29   51.25   89.19   73.27   81.18   61.16   75.28   71.27   67.17   72.17   82.18   79.18   67.17   77.18   71.27   76.18   89.19   58.16   79.18   69.27   61.26   69.17   91.19   64.26   58.26   72.17   84.28   62.26   49.25
2019   2   7850   701   18/11/2019   94.05   86.24   50.64   88.12   72.39   80.21   60.43   74.37   70.42   66.36   71.31   81.20   78.23   66.36   76.25   70.42   75.26   88.12   57.46   78.23   68.44   60.53   68.34   90.10   63.49   57.56   71.31   83.27   61.52   48.66   53.52   58.88
2019   2   7850   702   15/11/2019   92.92   85.20   50.03   87.06   71.53   79.24   59.70   73.48   69.57   65.56   70.45   80.22   77.29   65.56   75.34   69.57   74.36   87.06   56.77   77.29   67.62   59.80   67.52   89.02   62.73   56.87   70.45   82.27   60.78   48.07   52.88   58.17
2019   2   7850   703   20/11/2019   91.81   84.18   49.43   86.02   70.67   78.29   58.99   72.60   68.74   64.78   69.60   79.26   76.36   64.78   74.43   68.74   73.47   86.02   56.09   76.36   66.81   59.08   66.71   87.95   61.98   56.19   69.60   81.29   60.05   47.50   52.25   57.47
2019   2   8851   810   20/11/2019   90.71   83.17   48.84   84.98   69.82   77.35   58.28   71.73   67.91   64.00   68.77   78.31   75.45   64.00   73.54   67.91   72.58   84.98   55.42   75.45   66.00   58.37   65.91   86.89   61.23   55.51   68.77   80.31   59.33   46.93   51.62   56.78
2019   2   8851   811   12/11/2019   89.62   82.17   48.25   83.96   68.98   76.43   57.58   70.87   67.10   63.23   67.94   77.37   74.54   63.23   72.66   67.10   71.71   83.96   54.75   74.54   65.21   57.67   65.12   85.85   60.50   54.85   67.94   79.35   58.62   46.36   51.00   56.10
2019   2   8851   812   12/11/2019   88.54   81.19   47.67   82.96   68.15   75.51   56.89   70.02   66.29   62.47   67.13   76.44   73.65   62.47   71.78   66.29   70.85   82.96   54.09   73.65   64.43   56.98   64.34   84.82   59.77   54.19   67.13   78.39   57.91   45.81   50.39   55.43
2019   2   8851   813   10/11/2019   87.48   80.21   47.10   81.96   67.34   74.60   56.20   69.18   65.50   61.72   66.32   75.52   72.76   61.72   70.92   65.50   70.00   81.96   53.45   72.76   63.66   56.30   63.56   83.80   59.06   53.54   66.32   77.45   57.22   45.26   49.78   54.76
2019   2   8851   814   20/11/2019   86.43   79.25   46.53   80.98   66.53   73.71   55.53   68.35   64.71   60.98   65.53   74.62   71.89   60.98   70.07   64.71   69.16   80.98   52.80   71.89   62.89   55.62   62.80   82.80   58.35   52.89   65.53   76.52   56.53   44.72   49.19   54.11
2019   2   9865   815   12/11/2019   85.39   78.30   45.97   80.01   65.73   72.82   54.86   67.52   63.93   60.25   64.74   73.72   71.03   60.25   69.23   63.93   68.33   80.01   52.17   71.03   62.14   54.95
2019   2   9865   816   12/11/2019   84.37   77.36   45.42   79.05   64.94   71.95   54.21   66.71   63.17   59.53   63.96   72.84   70.17   59.53   68.40   63.17   67.51   79.05   51.54   70.17   61.39   54.29
2019   2   9865   817   13/11/2019   83.36   76.43   44.88   78.10   64.16   71.09   53.56   65.91   62.41   58.81   63.20   71.96   69.33   58.81   67.58   62.41   66.70   78.10   50.93   69.33   60.65   53.64
2019   2   9865   818   19/11/2019   82.36   75.52   44.34   77.16   63.39   70.23   52.91   65.12   61.66   58.11   62.44   71.10   68.50   58.11   66.77   61.66   65.90   77.16   50.31   68.50   59.93   53.00
2019   2   10123   1011   18/11/2019   81.37   74.61   43.81   76.23   62.63   69.39   52.28   64.34   60.92   57.41   61.69   70.25   67.68   57.41   65.97   60.92   65.11   76.23   49.71   67.68   59.21   52.36
2019   2   10124   1012   11/11/2019   80.39   73.71   43.28   75.32   61.88   68.56   51.65   63.57   60.19   56.72   60.95   69.40   66.87   56.72   65.18   60.19   64.33
2019   2   10125   1011   12/11/2019   79.43   72.83   42.76   74.42   61.14   67.73   51.03   62.81   59.47   56.04   60.22   68.57   66.06   56.04   64.39   59.47   63.56
2019   2   10126   1021   18/11/2019   78.47   71.96   42.25   73.52   60.40   66.92   50.42   62.05   58.75   55.37   59.49   67.75   65.27   55.37
2019   2   10127   1032   17/11/2019   77.53   71.09   41.74   72.64   59.68   66.12   49.81   61.31   58.05   54.70   58.78   66.93   64.49   54.70   62.86   58.05   62.04   68.25   75.07   82.58   90.84   99.92   77.59   78.57   79.56   80.55   81.54   82.52   83.51   84.50
2019   2   10128   1032   13/11/2019   76.60   70.24   41.24   71.77   58.96   65.33   49.22   60.57   57.35   54.05   58.08   66.13   63.71   54.05   62.10   57.35   61.30   67.43   74.17   81.59   89.75   98.72
