RESUMEN DE LA ASISTENCIA Y ENCUESTA DE ALUMNOS POR CURSO
ANIO:    2019          CICLO: 1
================================================================================
CICLO      ALUMNOS     HORARIOS      ASISTENCIA(%)   ENCUESTA REAL(%) ENCUESTA AJUSTADA(%)
================================================================================
1004           30            1         2835.00           65.34           65.34
1019           30            1         2802.00           68.70           68.70
1020           30            1         2679.00           73.49           73.49
1005           60            2           85.65           66.79           70.13
9342           90            2           78.45           72.30           78.08
9453           45            1         4356.00           67.96           67.96
6674           45            1         3451.50           72.94           72.94
9567           90            3           73.83           71.99           77.74
7815           90            3           79.53           69.15           74.69
7812           90            3           73.90           71.86           77.61
9867           70            2           88.65           71.61           75.19
8967          120            3           90.40           69.20           69.20
8099           40            1         2568.00           69.46           69.46
8100           40            1         3804.00           73.16           73.16
8756           55            2           71.67           66.76           72.10
8123           90            3           66.03           71.45           79.31
7823           60            2           79.95           73.21           79.06
6745          117            3           67.85           69.01           76.60
7845           90            3           86.60           68.86           72.30
7123           60            2           63.35           69.44           77.08
6678          235            5           81.31           70.49           74.01
6123          160            5           84.29           66.88           70.22
6789          153            4           64.18           69.55           77.20
6324          145            3           78.10           71.99           77.75
6542          110            2           56.75           71.81           81.14
5423          139            4           71.18           71.02           76.70
5678          120            3           64.10           71.15           78.97
5890           45            1         4315.50           72.83           72.83
5506          145            3           73.59           70.63           76.28
4412           90            3           64.73           67.32           74.73
4312           45            1         2259.00           77.27           77.27
4567           50            1         2555.00           68.84           68.84
3979           40            1         3140.00           69.39           69.39
3818           40            1         3824.00           71.38           71.38
3245           90            3           84.87           86.77           91.11
3294          235            6           89.58           74.49           78.22
2176          203            4           74.63           91.50           98.82
2082           71            2           92.29           94.59           94.59
1813          278            6           86.45           86.18           90.48
1653          150            3           85.38           86.66           91.00
================================================================================
